512999
123
Eldan
21
10
30
2000
4
*end
512322
123
Eldan
23
10
30
2000
4
*end
123333
123
Eldan
21
10
30
2000
4
*end
123
123
Eldan
123
123
123
123
123
*end
12333
123
Eldan
21
10
30
2000
4
*end
123
123
Eldan
123
123
123
123
123
*end
123
123
ELdan
123
123
123
123
4
*end
123 123 Eldan 123 123 123 123 123 *end
123 123 Eldan 123 123 123 123 123 *end
123 123 Eldan 123 123 123 123 123 *end
123 123 Eldan 123 123 123 123 1 *end
123 123 eldan 123 123 123 123 123 *end
123 123 eldan 123 123 123 123 123 *end
123 123 eldan 123 123 123 123 123 *end
123 123 eldan 123 123 123 123 123 *end
